1. Point  166.888 298.689 5
2. Point  166.888 298.689 10
3. Point  166.888 298.689 15
4. Point  166.888 298.689 20
5. Point  166.888 298.689 25
6. Point  166.888 298.689 30
7. Point  166.888 298.689 35
8. Point  166.888 298.689 40
9. Point  166.888 298.689 45
10. Point  166.888 298.689 50
11. Point  166.888 298.689 55
12. Point  166.888 298.689 60
13. Point  166.888 298.689 65
14. Point  166.888 298.689 70
15. Point  166.888 298.689 75
16. Point  166.888 298.689 80
17. Point  166.888 298.689 85
18. Point  166.888 298.689 90
19. Point  166.888 298.689 95
20. Point  164.648 294.219 5
21. Point  164.648 294.219 10
22. Point  164.648 294.219 15
23. Point  164.648 294.219 20
24. Point  164.648 294.219 25
25. Point  164.648 294.219 30
26. Point  164.648 294.219 35
27. Point  164.648 294.219 40
28. Point  164.648 294.219 45
29. Point  164.648 294.219 50
30. Point  164.648 294.219 55
31. Point  164.648 294.219 60
32. Point  164.648 294.219 65
33. Point  164.648 294.219 70
34. Point  164.648 294.219 75
35. Point  164.648 294.219 80
36. Point  164.648 294.219 85
37. Point  164.648 294.219 90
38. Point  164.648 294.219 95
39. Point  162.408 289.749 5
40. Point  162.408 289.749 10
41. Point  162.408 289.749 15
42. Point  162.408 289.749 20
43. Point  162.408 289.749 25
44. Point  162.408 289.749 30
45. Point  162.408 289.749 35
46. Point  162.408 289.749 40
47. Point  162.408 289.749 45
48. Point  162.408 289.749 50
49. Point  162.408 289.749 55
50. Point  162.408 289.749 60
51. Point  162.408 289.749 65
52. Point  162.408 289.749 70
53. Point  162.408 289.749 75
54. Point  162.408 289.749 80
55. Point  162.408 289.749 85
56. Point  162.408 289.749 90
57. Point  162.408 289.749 95
58. Point  160.167 285.28 5
59. Point  160.167 285.28 10
60. Point  160.167 285.28 15
61. Point  160.167 285.28 20
62. Point  160.167 285.28 25
63. Point  160.167 285.28 30
64. Point  160.167 285.28 35
65. Point  160.167 285.28 40
66. Point  160.167 285.28 45
67. Point  160.167 285.28 50
68. Point  160.167 285.28 55
69. Point  160.167 285.28 60
70. Point  160.167 285.28 65
71. Point  160.167 285.28 70
72. Point  160.167 285.28 75
73. Point  160.167 285.28 80
74. Point  160.167 285.28 85
75. Point  160.167 285.28 90
76. Point  160.167 285.28 95
77. Point  157.927 280.81 5
78. Point  157.927 280.81 10
79. Point  157.927 280.81 15
80. Point  157.927 280.81 20
81. Point  157.927 280.81 25
82. Point  157.927 280.81 30
83. Point  157.927 280.81 35
84. Point  157.927 280.81 40
85. Point  157.927 280.81 45
86. Point  157.927 280.81 50
87. Point  157.927 280.81 55
88. Point  157.927 280.81 60
89. Point  157.927 280.81 65
90. Point  157.927 280.81 70
91. Point  157.927 280.81 75
92. Point  157.927 280.81 80
93. Point  157.927 280.81 85
94. Point  157.927 280.81 90
95. Point  157.927 280.81 95
96. Point  155.687 276.34 5
97. Point  155.687 276.34 10
98. Point  155.687 276.34 15
99. Point  155.687 276.34 20
100. Point  155.687 276.34 25
101. Point  155.687 276.34 30
102. Point  155.687 276.34 35
103. Point  155.687 276.34 40
104. Point  155.687 276.34 45
105. Point  155.687 276.34 50
106. Point  155.687 276.34 55
107. Point  155.687 276.34 60
108. Point  155.687 276.34 65
109. Point  155.687 276.34 70
110. Point  155.687 276.34 75
111. Point  155.687 276.34 80
112. Point  155.687 276.34 85
113. Point  155.687 276.34 90
114. Point  155.687 276.34 95
115. Point  153.446 271.87 5
116. Point  153.446 271.87 10
117. Point  153.446 271.87 15
118. Point  153.446 271.87 20
119. Point  153.446 271.87 25
120. Point  153.446 271.87 30
121. Point  153.446 271.87 35
122. Point  153.446 271.87 40
123. Point  153.446 271.87 45
124. Point  153.446 271.87 50
125. Point  153.446 271.87 55
126. Point  153.446 271.87 60
127. Point  153.446 271.87 65
128. Point  153.446 271.87 70
129. Point  153.446 271.87 75
130. Point  153.446 271.87 80
131. Point  153.446 271.87 85
132. Point  153.446 271.87 90
133. Point  153.446 271.87 95
134. Point  151.206 267.4 5
135. Point  151.206 267.4 10
136. Point  151.206 267.4 15
137. Point  151.206 267.4 20
138. Point  151.206 267.4 25
139. Point  151.206 267.4 30
140. Point  151.206 267.4 35
141. Point  151.206 267.4 40
142. Point  151.206 267.4 45
143. Point  151.206 267.4 50
144. Point  151.206 267.4 55
145. Point  151.206 267.4 60
146. Point  151.206 267.4 65
147. Point  151.206 267.4 70
148. Point  151.206 267.4 75
149. Point  151.206 267.4 80
150. Point  151.206 267.4 85
151. Point  151.206 267.4 90
152. Point  151.206 267.4 95
153. Point  148.966 262.93 5
154. Point  148.966 262.93 10
155. Point  148.966 262.93 15
156. Point  148.966 262.93 20
157. Point  148.966 262.93 25
158. Point  148.966 262.93 30
159. Point  148.966 262.93 35
160. Point  148.966 262.93 40
161. Point  148.966 262.93 45
162. Point  148.966 262.93 50
163. Point  148.966 262.93 55
164. Point  148.966 262.93 60
165. Point  148.966 262.93 65
166. Point  148.966 262.93 70
167. Point  148.966 262.93 75
168. Point  148.966 262.93 80
169. Point  148.966 262.93 85
170. Point  148.966 262.93 90
171. Point  148.966 262.93 95
172. Point  146.725 258.46 5
173. Point  146.725 258.46 10
174. Point  146.725 258.46 15
175. Point  146.725 258.46 20
176. Point  146.725 258.46 25
177. Point  146.725 258.46 30
178. Point  146.725 258.46 35
179. Point  146.725 258.46 40
180. Point  146.725 258.46 45
181. Point  146.725 258.46 50
182. Point  146.725 258.46 55
183. Point  146.725 258.46 60
184. Point  146.725 258.46 65
185. Point  146.725 258.46 70
186. Point  146.725 258.46 75
187. Point  146.725 258.46 80
188. Point  146.725 258.46 85
189. Point  146.725 258.46 90
190. Point  146.725 258.46 95
191. Point  144.485 253.99 5
192. Point  144.485 253.99 10
193. Point  144.485 253.99 15
194. Point  144.485 253.99 20
195. Point  144.485 253.99 25
196. Point  144.485 253.99 30
197. Point  144.485 253.99 35
198. Point  144.485 253.99 40
199. Point  144.485 253.99 45
200. Point  144.485 253.99 50
201. Point  144.485 253.99 55
202. Point  144.485 253.99 60
203. Point  144.485 253.99 65
204. Point  144.485 253.99 70
205. Point  144.485 253.99 75
206. Point  144.485 253.99 80
207. Point  144.485 253.99 85
208. Point  144.485 253.99 90
209. Point  144.485 253.99 95
210. Point  142.244 249.52 5
211. Point  142.244 249.52 10
212. Point  142.244 249.52 15
213. Point  142.244 249.52 20
214. Point  142.244 249.52 25
215. Point  142.244 249.52 30
216. Point  142.244 249.52 35
217. Point  142.244 249.52 40
218. Point  142.244 249.52 45
219. Point  142.244 249.52 50
220. Point  142.244 249.52 55
221. Point  142.244 249.52 60
222. Point  142.244 249.52 65
223. Point  142.244 249.52 70
224. Point  142.244 249.52 75
225. Point  142.244 249.52 80
226. Point  142.244 249.52 85
227. Point  142.244 249.52 90
228. Point  142.244 249.52 95
229. Point  140.004 245.05 5
230. Point  140.004 245.05 10
231. Point  140.004 245.05 15
232. Point  140.004 245.05 20
233. Point  140.004 245.05 25
234. Point  140.004 245.05 30
235. Point  140.004 245.05 35
236. Point  140.004 245.05 40
237. Point  140.004 245.05 45
238. Point  140.004 245.05 50
239. Point  140.004 245.05 55
240. Point  140.004 245.05 60
241. Point  140.004 245.05 65
242. Point  140.004 245.05 70
243. Point  140.004 245.05 75
244. Point  140.004 245.05 80
245. Point  140.004 245.05 85
246. Point  140.004 245.05 90
247. Point  140.004 245.05 95
248. Point  137.764 240.58 5
249. Point  137.764 240.58 10
250. Point  137.764 240.58 15
251. Point  137.764 240.58 20
252. Point  137.764 240.58 25
253. Point  137.764 240.58 30
254. Point  137.764 240.58 35
255. Point  137.764 240.58 40
256. Point  137.764 240.58 45
257. Point  137.764 240.58 50
258. Point  137.764 240.58 55
259. Point  137.764 240.58 60
260. Point  137.764 240.58 65
261. Point  137.764 240.58 70
262. Point  137.764 240.58 75
263. Point  137.764 240.58 80
264. Point  137.764 240.58 85
265. Point  137.764 240.58 90
266. Point  137.764 240.58 95
267. Point  135.523 236.11 5
268. Point  135.523 236.11 10
269. Point  135.523 236.11 15
270. Point  135.523 236.11 20
271. Point  135.523 236.11 25
272. Point  135.523 236.11 30
273. Point  135.523 236.11 35
274. Point  135.523 236.11 40
275. Point  135.523 236.11 45
276. Point  135.523 236.11 50
277. Point  135.523 236.11 55
278. Point  135.523 236.11 60
279. Point  135.523 236.11 65
280. Point  135.523 236.11 70
281. Point  135.523 236.11 75
282. Point  135.523 236.11 80
283. Point  135.523 236.11 85
284. Point  135.523 236.11 90
285. Point  135.523 236.11 95
286. Point  133.283 231.64 5
287. Point  133.283 231.64 10
288. Point  133.283 231.64 15
289. Point  133.283 231.64 20
290. Point  133.283 231.64 25
291. Point  133.283 231.64 30
292. Point  133.283 231.64 35
293. Point  133.283 231.64 40
294. Point  133.283 231.64 45
295. Point  133.283 231.64 50
296. Point  133.283 231.64 55
297. Point  133.283 231.64 60
298. Point  133.283 231.64 65
299. Point  133.283 231.64 70
300. Point  133.283 231.64 75
301. Point  133.283 231.64 80
302. Point  133.283 231.64 85
303. Point  133.283 231.64 90
304. Point  133.283 231.64 95
305. Point  131.043 227.17 5
306. Point  131.043 227.17 10
307. Point  131.043 227.17 15
308. Point  131.043 227.17 20
309. Point  131.043 227.17 25
310. Point  131.043 227.17 30
311. Point  131.043 227.17 35
312. Point  131.043 227.17 40
313. Point  131.043 227.17 45
314. Point  131.043 227.17 50
315. Point  131.043 227.17 55
316. Point  131.043 227.17 60
317. Point  131.043 227.17 65
318. Point  131.043 227.17 70
319. Point  131.043 227.17 75
320. Point  131.043 227.17 80
321. Point  131.043 227.17 85
322. Point  131.043 227.17 90
323. Point  131.043 227.17 95
324. Point  128.802 222.7 5
325. Point  128.802 222.7 10
326. Point  128.802 222.7 15
327. Point  128.802 222.7 20
328. Point  128.802 222.7 25
329. Point  128.802 222.7 30
330. Point  128.802 222.7 35
331. Point  128.802 222.7 40
332. Point  128.802 222.7 45
333. Point  128.802 222.7 50
334. Point  128.802 222.7 55
335. Point  128.802 222.7 60
336. Point  128.802 222.7 65
337. Point  128.802 222.7 70
338. Point  128.802 222.7 75
339. Point  128.802 222.7 80
340. Point  128.802 222.7 85
341. Point  128.802 222.7 90
342. Point  128.802 222.7 95
343. Point  126.562 218.23 5
344. Point  126.562 218.23 10
345. Point  126.562 218.23 15
346. Point  126.562 218.23 20
347. Point  126.562 218.23 25
348. Point  126.562 218.23 30
349. Point  126.562 218.23 35
350. Point  126.562 218.23 40
351. Point  126.562 218.23 45
352. Point  126.562 218.23 50
353. Point  126.562 218.23 55
354. Point  126.562 218.23 60
355. Point  126.562 218.23 65
356. Point  126.562 218.23 70
357. Point  126.562 218.23 75
358. Point  126.562 218.23 80
359. Point  126.562 218.23 85
360. Point  126.562 218.23 90
361. Point  126.562 218.23 95
362. Point  124.321 213.76 5
363. Point  124.321 213.76 10
364. Point  124.321 213.76 15
365. Point  124.321 213.76 20
366. Point  124.321 213.76 25
367. Point  124.321 213.76 30
368. Point  124.321 213.76 35
369. Point  124.321 213.76 40
370. Point  124.321 213.76 45
371. Point  124.321 213.76 50
372. Point  124.321 213.76 55
373. Point  124.321 213.76 60
374. Point  124.321 213.76 65
375. Point  124.321 213.76 70
376. Point  124.321 213.76 75
377. Point  124.321 213.76 80
378. Point  124.321 213.76 85
379. Point  124.321 213.76 90
380. Point  124.321 213.76 95
381. Point  122.081 209.29 5
382. Point  122.081 209.29 10
383. Point  122.081 209.29 15
384. Point  122.081 209.29 20
385. Point  122.081 209.29 25
386. Point  122.081 209.29 30
387. Point  122.081 209.29 35
388. Point  122.081 209.29 40
389. Point  122.081 209.29 45
390. Point  122.081 209.29 50
391. Point  122.081 209.29 55
392. Point  122.081 209.29 60
393. Point  122.081 209.29 65
394. Point  122.081 209.29 70
395. Point  122.081 209.29 75
396. Point  122.081 209.29 80
397. Point  122.081 209.29 85
398. Point  122.081 209.29 90
399. Point  122.081 209.29 95
400. Point  166.888 298.689 5
401. Point  166.888 298.689 10
402. Point  166.888 298.689 15
403. Point  166.888 298.689 20
404. Point  166.888 298.689 25
405. Point  166.888 298.689 30
406. Point  166.888 298.689 35
407. Point  166.888 298.689 40
408. Point  166.888 298.689 45
409. Point  166.888 298.689 50
410. Point  166.888 298.689 55
411. Point  166.888 298.689 60
412. Point  166.888 298.689 65
413. Point  166.888 298.689 70
414. Point  166.888 298.689 75
415. Point  166.888 298.689 80
416. Point  166.888 298.689 85
417. Point  166.888 298.689 90
418. Point  166.888 298.689 95
419. Point  171.358 296.449 5
420. Point  171.358 296.449 10
421. Point  171.358 296.449 15
422. Point  171.358 296.449 20
423. Point  171.358 296.449 25
424. Point  171.358 296.449 30
425. Point  171.358 296.449 35
426. Point  171.358 296.449 40
427. Point  171.358 296.449 45
428. Point  171.358 296.449 50
429. Point  171.358 296.449 55
430. Point  171.358 296.449 60
431. Point  171.358 296.449 65
432. Point  171.358 296.449 70
433. Point  171.358 296.449 75
434. Point  171.358 296.449 80
435. Point  171.358 296.449 85
436. Point  171.358 296.449 90
437. Point  171.358 296.449 95
438. Point  175.828 294.209 5
439. Point  175.828 294.209 10
440. Point  175.828 294.209 15
441. Point  175.828 294.209 20
442. Point  175.828 294.209 25
443. Point  175.828 294.209 30
444. Point  175.828 294.209 35
445. Point  175.828 294.209 40
446. Point  175.828 294.209 45
447. Point  175.828 294.209 50
448. Point  175.828 294.209 55
449. Point  175.828 294.209 60
450. Point  175.828 294.209 65
451. Point  175.828 294.209 70
452. Point  175.828 294.209 75
453. Point  175.828 294.209 80
454. Point  175.828 294.209 85
455. Point  175.828 294.209 90
456. Point  175.828 294.209 95
457. Point  180.298 291.968 5
458. Point  180.298 291.968 10
459. Point  180.298 291.968 15
460. Point  180.298 291.968 20
461. Point  180.298 291.968 25
462. Point  180.298 291.968 30
463. Point  180.298 291.968 35
464. Point  180.298 291.968 40
465. Point  180.298 291.968 45
466. Point  180.298 291.968 50
467. Point  180.298 291.968 55
468. Point  180.298 291.968 60
469. Point  180.298 291.968 65
470. Point  180.298 291.968 70
471. Point  180.298 291.968 75
472. Point  180.298 291.968 80
473. Point  180.298 291.968 85
474. Point  180.298 291.968 90
475. Point  180.298 291.968 95
476. Point  184.768 289.728 5
477. Point  184.768 289.728 10
478. Point  184.768 289.728 15
479. Point  184.768 289.728 20
480. Point  184.768 289.728 25
481. Point  184.768 289.728 30
482. Point  184.768 289.728 35
483. Point  184.768 289.728 40
484. Point  184.768 289.728 45
485. Point  184.768 289.728 50
486. Point  184.768 289.728 55
487. Point  184.768 289.728 60
488. Point  184.768 289.728 65
489. Point  184.768 289.728 70
490. Point  184.768 289.728 75
491. Point  184.768 289.728 80
492. Point  184.768 289.728 85
493. Point  184.768 289.728 90
494. Point  184.768 289.728 95
495. Point  189.238 287.488 5
496. Point  189.238 287.488 10
497. Point  189.238 287.488 15
498. Point  189.238 287.488 20
499. Point  189.238 287.488 25
500. Point  189.238 287.488 30
501. Point  189.238 287.488 35
502. Point  189.238 287.488 40
503. Point  189.238 287.488 45
504. Point  189.238 287.488 50
505. Point  189.238 287.488 55
506. Point  189.238 287.488 60
507. Point  189.238 287.488 65
508. Point  189.238 287.488 70
509. Point  189.238 287.488 75
510. Point  189.238 287.488 80
511. Point  189.238 287.488 85
512. Point  189.238 287.488 90
513. Point  189.238 287.488 95
514. Point  193.708 285.247 5
515. Point  193.708 285.247 10
516. Point  193.708 285.247 15
517. Point  193.708 285.247 20
518. Point  193.708 285.247 25
519. Point  193.708 285.247 30
520. Point  193.708 285.247 35
521. Point  193.708 285.247 40
522. Point  193.708 285.247 45
523. Point  193.708 285.247 50
524. Point  193.708 285.247 55
525. Point  193.708 285.247 60
526. Point  193.708 285.247 65
527. Point  193.708 285.247 70
528. Point  193.708 285.247 75
529. Point  193.708 285.247 80
530. Point  193.708 285.247 85
531. Point  193.708 285.247 90
532. Point  193.708 285.247 95
533. Point  198.178 283.007 5
534. Point  198.178 283.007 10
535. Point  198.178 283.007 15
536. Point  198.178 283.007 20
537. Point  198.178 283.007 25
538. Point  198.178 283.007 30
539. Point  198.178 283.007 35
540. Point  198.178 283.007 40
541. Point  198.178 283.007 45
542. Point  198.178 283.007 50
543. Point  198.178 283.007 55
544. Point  198.178 283.007 60
545. Point  198.178 283.007 65
546. Point  198.178 283.007 70
547. Point  198.178 283.007 75
548. Point  198.178 283.007 80
549. Point  198.178 283.007 85
550. Point  198.178 283.007 90
551. Point  198.178 283.007 95
552. Point  202.648 280.767 5
553. Point  202.648 280.767 10
554. Point  202.648 280.767 15
555. Point  202.648 280.767 20
556. Point  202.648 280.767 25
557. Point  202.648 280.767 30
558. Point  202.648 280.767 35
559. Point  202.648 280.767 40
560. Point  202.648 280.767 45
561. Point  202.648 280.767 50
562. Point  202.648 280.767 55
563. Point  202.648 280.767 60
564. Point  202.648 280.767 65
565. Point  202.648 280.767 70
566. Point  202.648 280.767 75
567. Point  202.648 280.767 80
568. Point  202.648 280.767 85
569. Point  202.648 280.767 90
570. Point  202.648 280.767 95
571. Point  207.118 278.526 5
572. Point  207.118 278.526 10
573. Point  207.118 278.526 15
574. Point  207.118 278.526 20
575. Point  207.118 278.526 25
576. Point  207.118 278.526 30
577. Point  207.118 278.526 35
578. Point  207.118 278.526 40
579. Point  207.118 278.526 45
580. Point  207.118 278.526 50
581. Point  207.118 278.526 55
582. Point  207.118 278.526 60
583. Point  207.118 278.526 65
584. Point  207.118 278.526 70
585. Point  207.118 278.526 75
586. Point  207.118 278.526 80
587. Point  207.118 278.526 85
588. Point  207.118 278.526 90
589. Point  207.118 278.526 95
590. Point  211.588 276.286 5
591. Point  211.588 276.286 10
592. Point  211.588 276.286 15
593. Point  211.588 276.286 20
594. Point  211.588 276.286 25
595. Point  211.588 276.286 30
596. Point  211.588 276.286 35
597. Point  211.588 276.286 40
598. Point  211.588 276.286 45
599. Point  211.588 276.286 50
600. Point  211.588 276.286 55
601. Point  211.588 276.286 60
602. Point  211.588 276.286 65
603. Point  211.588 276.286 70
604. Point  211.588 276.286 75
605. Point  211.588 276.286 80
606. Point  211.588 276.286 85
607. Point  211.588 276.286 90
608. Point  211.588 276.286 95
609. Point  216.058 274.045 5
610. Point  216.058 274.045 10
611. Point  216.058 274.045 15
612. Point  216.058 274.045 20
613. Point  216.058 274.045 25
614. Point  216.058 274.045 30
615. Point  216.058 274.045 35
616. Point  216.058 274.045 40
617. Point  216.058 274.045 45
618. Point  216.058 274.045 50
619. Point  216.058 274.045 55
620. Point  216.058 274.045 60
621. Point  216.058 274.045 65
622. Point  216.058 274.045 70
623. Point  216.058 274.045 75
624. Point  216.058 274.045 80
625. Point  216.058 274.045 85
626. Point  216.058 274.045 90
627. Point  216.058 274.045 95
628. Point  220.528 271.805 5
629. Point  220.528 271.805 10
630. Point  220.528 271.805 15
631. Point  220.528 271.805 20
632. Point  220.528 271.805 25
633. Point  220.528 271.805 30
634. Point  220.528 271.805 35
635. Point  220.528 271.805 40
636. Point  220.528 271.805 45
637. Point  220.528 271.805 50
638. Point  220.528 271.805 55
639. Point  220.528 271.805 60
640. Point  220.528 271.805 65
641. Point  220.528 271.805 70
642. Point  220.528 271.805 75
643. Point  220.528 271.805 80
644. Point  220.528 271.805 85
645. Point  220.528 271.805 90
646. Point  220.528 271.805 95
647. Point  224.998 269.565 5
648. Point  224.998 269.565 10
649. Point  224.998 269.565 15
650. Point  224.998 269.565 20
651. Point  224.998 269.565 25
652. Point  224.998 269.565 30
653. Point  224.998 269.565 35
654. Point  224.998 269.565 40
655. Point  224.998 269.565 45
656. Point  224.998 269.565 50
657. Point  224.998 269.565 55
658. Point  224.998 269.565 60
659. Point  224.998 269.565 65
660. Point  224.998 269.565 70
661. Point  224.998 269.565 75
662. Point  224.998 269.565 80
663. Point  224.998 269.565 85
664. Point  224.998 269.565 90
665. Point  224.998 269.565 95
666. Point  229.468 267.324 5
667. Point  229.468 267.324 10
668. Point  229.468 267.324 15
669. Point  229.468 267.324 20
670. Point  229.468 267.324 25
671. Point  229.468 267.324 30
672. Point  229.468 267.324 35
673. Point  229.468 267.324 40
674. Point  229.468 267.324 45
675. Point  229.468 267.324 50
676. Point  229.468 267.324 55
677. Point  229.468 267.324 60
678. Point  229.468 267.324 65
679. Point  229.468 267.324 70
680. Point  229.468 267.324 75
681. Point  229.468 267.324 80
682. Point  229.468 267.324 85
683. Point  229.468 267.324 90
684. Point  229.468 267.324 95
685. Point  233.938 265.084 5
686. Point  233.938 265.084 10
687. Point  233.938 265.084 15
688. Point  233.938 265.084 20
689. Point  233.938 265.084 25
690. Point  233.938 265.084 30
691. Point  233.938 265.084 35
692. Point  233.938 265.084 40
693. Point  233.938 265.084 45
694. Point  233.938 265.084 50
695. Point  233.938 265.084 55
696. Point  233.938 265.084 60
697. Point  233.938 265.084 65
698. Point  233.938 265.084 70
699. Point  233.938 265.084 75
700. Point  233.938 265.084 80
701. Point  233.938 265.084 85
702. Point  233.938 265.084 90
703. Point  233.938 265.084 95
704. Point  238.408 262.844 5
705. Point  238.408 262.844 10
706. Point  238.408 262.844 15
707. Point  238.408 262.844 20
708. Point  238.408 262.844 25
709. Point  238.408 262.844 30
710. Point  238.408 262.844 35
711. Point  238.408 262.844 40
712. Point  238.408 262.844 45
713. Point  238.408 262.844 50
714. Point  238.408 262.844 55
715. Point  238.408 262.844 60
716. Point  238.408 262.844 65
717. Point  238.408 262.844 70
718. Point  238.408 262.844 75
719. Point  238.408 262.844 80
720. Point  238.408 262.844 85
721. Point  238.408 262.844 90
722. Point  238.408 262.844 95
723. Point  242.878 260.603 5
724. Point  242.878 260.603 10
725. Point  242.878 260.603 15
726. Point  242.878 260.603 20
727. Point  242.878 260.603 25
728. Point  242.878 260.603 30
729. Point  242.878 260.603 35
730. Point  242.878 260.603 40
731. Point  242.878 260.603 45
732. Point  242.878 260.603 50
733. Point  242.878 260.603 55
734. Point  242.878 260.603 60
735. Point  242.878 260.603 65
736. Point  242.878 260.603 70
737. Point  242.878 260.603 75
738. Point  242.878 260.603 80
739. Point  242.878 260.603 85
740. Point  242.878 260.603 90
741. Point  242.878 260.603 95
742. Point  247.348 258.363 5
743. Point  247.348 258.363 10
744. Point  247.348 258.363 15
745. Point  247.348 258.363 20
746. Point  247.348 258.363 25
747. Point  247.348 258.363 30
748. Point  247.348 258.363 35
749. Point  247.348 258.363 40
750. Point  247.348 258.363 45
751. Point  247.348 258.363 50
752. Point  247.348 258.363 55
753. Point  247.348 258.363 60
754. Point  247.348 258.363 65
755. Point  247.348 258.363 70
756. Point  247.348 258.363 75
757. Point  247.348 258.363 80
758. Point  247.348 258.363 85
759. Point  247.348 258.363 90
760. Point  247.348 258.363 95
761. Point  251.818 256.122 5
762. Point  251.818 256.122 10
763. Point  251.818 256.122 15
764. Point  251.818 256.122 20
765. Point  251.818 256.122 25
766. Point  251.818 256.122 30
767. Point  251.818 256.122 35
768. Point  251.818 256.122 40
769. Point  251.818 256.122 45
770. Point  251.818 256.122 50
771. Point  251.818 256.122 55
772. Point  251.818 256.122 60
773. Point  251.818 256.122 65
774. Point  251.818 256.122 70
775. Point  251.818 256.122 75
776. Point  251.818 256.122 80
777. Point  251.818 256.122 85
778. Point  251.818 256.122 90
779. Point  251.818 256.122 95
780. Point  256.288 253.882 5
781. Point  256.288 253.882 10
782. Point  256.288 253.882 15
783. Point  256.288 253.882 20
784. Point  256.288 253.882 25
785. Point  256.288 253.882 30
786. Point  256.288 253.882 35
787. Point  256.288 253.882 40
788. Point  256.288 253.882 45
789. Point  256.288 253.882 50
790. Point  256.288 253.882 55
791. Point  256.288 253.882 60
792. Point  256.288 253.882 65
793. Point  256.288 253.882 70
794. Point  256.288 253.882 75
795. Point  256.288 253.882 80
796. Point  256.288 253.882 85
797. Point  256.288 253.882 90
798. Point  256.288 253.882 95
799. Point  281.586 239.185 5
800. Point  281.586 239.185 10
801. Point  281.586 239.185 15
802. Point  281.586 239.185 20
803. Point  281.586 239.185 25
804. Point  281.586 239.185 30
805. Point  281.586 239.185 35
806. Point  281.586 239.185 40
807. Point  281.586 239.185 45
808. Point  281.586 239.185 50
809. Point  281.586 239.185 55
810. Point  281.586 239.185 60
811. Point  281.586 239.185 65
812. Point  281.586 239.185 70
813. Point  281.586 239.185 75
814. Point  281.586 239.185 80
815. Point  281.586 239.185 85
816. Point  281.586 239.185 90
817. Point  281.586 239.185 95
818. Point  279.346 243.655 5
819. Point  279.346 243.655 10
820. Point  279.346 243.655 15
821. Point  279.346 243.655 20
822. Point  279.346 243.655 25
823. Point  279.346 243.655 30
824. Point  279.346 243.655 35
825. Point  279.346 243.655 40
826. Point  279.346 243.655 45
827. Point  279.346 243.655 50
828. Point  279.346 243.655 55
829. Point  279.346 243.655 60
830. Point  279.346 243.655 65
831. Point  279.346 243.655 70
832. Point  279.346 243.655 75
833. Point  279.346 243.655 80
834. Point  279.346 243.655 85
835. Point  279.346 243.655 90
836. Point  279.346 243.655 95
837. Point  277.105 248.125 5
838. Point  277.105 248.125 10
839. Point  277.105 248.125 15
840. Point  277.105 248.125 20
841. Point  277.105 248.125 25
842. Point  277.105 248.125 30
843. Point  277.105 248.125 35
844. Point  277.105 248.125 40
845. Point  277.105 248.125 45
846. Point  277.105 248.125 50
847. Point  277.105 248.125 55
848. Point  277.105 248.125 60
849. Point  277.105 248.125 65
850. Point  277.105 248.125 70
851. Point  277.105 248.125 75
852. Point  277.105 248.125 80
853. Point  277.105 248.125 85
854. Point  277.105 248.125 90
855. Point  277.105 248.125 95
856. Point  274.865 252.595 5
857. Point  274.865 252.595 10
858. Point  274.865 252.595 15
859. Point  274.865 252.595 20
860. Point  274.865 252.595 25
861. Point  274.865 252.595 30
862. Point  274.865 252.595 35
863. Point  274.865 252.595 40
864. Point  274.865 252.595 45
865. Point  274.865 252.595 50
866. Point  274.865 252.595 55
867. Point  274.865 252.595 60
868. Point  274.865 252.595 65
869. Point  274.865 252.595 70
870. Point  274.865 252.595 75
871. Point  274.865 252.595 80
872. Point  274.865 252.595 85
873. Point  274.865 252.595 90
874. Point  274.865 252.595 95
875. Point  272.624 257.065 5
876. Point  272.624 257.065 10
877. Point  272.624 257.065 15
878. Point  272.624 257.065 20
879. Point  272.624 257.065 25
880. Point  272.624 257.065 30
881. Point  272.624 257.065 35
882. Point  272.624 257.065 40
883. Point  272.624 257.065 45
884. Point  272.624 257.065 50
885. Point  272.624 257.065 55
886. Point  272.624 257.065 60
887. Point  272.624 257.065 65
888. Point  272.624 257.065 70
889. Point  272.624 257.065 75
890. Point  272.624 257.065 80
891. Point  272.624 257.065 85
892. Point  272.624 257.065 90
893. Point  272.624 257.065 95
894. Point  270.384 261.535 5
895. Point  270.384 261.535 10
896. Point  270.384 261.535 15
897. Point  270.384 261.535 20
898. Point  270.384 261.535 25
899. Point  270.384 261.535 30
900. Point  270.384 261.535 35
901. Point  270.384 261.535 40
902. Point  270.384 261.535 45
903. Point  270.384 261.535 50
904. Point  270.384 261.535 55
905. Point  270.384 261.535 60
906. Point  270.384 261.535 65
907. Point  270.384 261.535 70
908. Point  270.384 261.535 75
909. Point  270.384 261.535 80
910. Point  270.384 261.535 85
911. Point  270.384 261.535 90
912. Point  270.384 261.535 95
913. Point  268.144 266.005 5
914. Point  268.144 266.005 10
915. Point  268.144 266.005 15
916. Point  268.144 266.005 20
917. Point  268.144 266.005 25
918. Point  268.144 266.005 30
919. Point  268.144 266.005 35
920. Point  268.144 266.005 40
921. Point  268.144 266.005 45
922. Point  268.144 266.005 50
923. Point  268.144 266.005 55
924. Point  268.144 266.005 60
925. Point  268.144 266.005 65
926. Point  268.144 266.005 70
927. Point  268.144 266.005 75
928. Point  268.144 266.005 80
929. Point  268.144 266.005 85
930. Point  268.144 266.005 90
931. Point  268.144 266.005 95
932. Point  265.903 270.474 5
933. Point  265.903 270.474 10
934. Point  265.903 270.474 15
935. Point  265.903 270.474 20
936. Point  265.903 270.474 25
937. Point  265.903 270.474 30
938. Point  265.903 270.474 35
939. Point  265.903 270.474 40
940. Point  265.903 270.474 45
941. Point  265.903 270.474 50
942. Point  265.903 270.474 55
943. Point  265.903 270.474 60
944. Point  265.903 270.474 65
945. Point  265.903 270.474 70
946. Point  265.903 270.474 75
947. Point  265.903 270.474 80
948. Point  265.903 270.474 85
949. Point  265.903 270.474 90
950. Point  265.903 270.474 95
951. Point  263.663 274.944 5
952. Point  263.663 274.944 10
953. Point  263.663 274.944 15
954. Point  263.663 274.944 20
955. Point  263.663 274.944 25
956. Point  263.663 274.944 30
957. Point  263.663 274.944 35
958. Point  263.663 274.944 40
959. Point  263.663 274.944 45
960. Point  263.663 274.944 50
961. Point  263.663 274.944 55
962. Point  263.663 274.944 60
963. Point  263.663 274.944 65
964. Point  263.663 274.944 70
965. Point  263.663 274.944 75
966. Point  263.663 274.944 80
967. Point  263.663 274.944 85
968. Point  263.663 274.944 90
969. Point  263.663 274.944 95
970. Point  261.423 279.414 5
971. Point  261.423 279.414 10
972. Point  261.423 279.414 15
973. Point  261.423 279.414 20
974. Point  261.423 279.414 25
975. Point  261.423 279.414 30
976. Point  261.423 279.414 35
977. Point  261.423 279.414 40
978. Point  261.423 279.414 45
979. Point  261.423 279.414 50
980. Point  261.423 279.414 55
981. Point  261.423 279.414 60
982. Point  261.423 279.414 65
983. Point  261.423 279.414 70
984. Point  261.423 279.414 75
985. Point  261.423 279.414 80
986. Point  261.423 279.414 85
987. Point  261.423 279.414 90
988. Point  261.423 279.414 95
989. Point  259.182 283.884 5
990. Point  259.182 283.884 10
991. Point  259.182 283.884 15
992. Point  259.182 283.884 20
993. Point  259.182 283.884 25
994. Point  259.182 283.884 30
995. Point  259.182 283.884 35
996. Point  259.182 283.884 40
997. Point  259.182 283.884 45
998. Point  259.182 283.884 50
999. Point  259.182 283.884 55
1000. Point  259.182 283.884 60
1001. Point  259.182 283.884 65
1002. Point  259.182 283.884 70
1003. Point  259.182 283.884 75
1004. Point  259.182 283.884 80
1005. Point  259.182 283.884 85
1006. Point  259.182 283.884 90
1007. Point  259.182 283.884 95
1008. Point  256.942 288.354 5
1009. Point  256.942 288.354 10
1010. Point  256.942 288.354 15
1011. Point  256.942 288.354 20
1012. Point  256.942 288.354 25
1013. Point  256.942 288.354 30
1014. Point  256.942 288.354 35
1015. Point  256.942 288.354 40
1016. Point  256.942 288.354 45
1017. Point  256.942 288.354 50
1018. Point  256.942 288.354 55
1019. Point  256.942 288.354 60
1020. Point  256.942 288.354 65
1021. Point  256.942 288.354 70
1022. Point  256.942 288.354 75
1023. Point  256.942 288.354 80
1024. Point  256.942 288.354 85
1025. Point  256.942 288.354 90
1026. Point  256.942 288.354 95
1027. Point  254.702 292.824 5
1028. Point  254.702 292.824 10
1029. Point  254.702 292.824 15
1030. Point  254.702 292.824 20
1031. Point  254.702 292.824 25
1032. Point  254.702 292.824 30
1033. Point  254.702 292.824 35
1034. Point  254.702 292.824 40
1035. Point  254.702 292.824 45
1036. Point  254.702 292.824 50
1037. Point  254.702 292.824 55
1038. Point  254.702 292.824 60
1039. Point  254.702 292.824 65
1040. Point  254.702 292.824 70
1041. Point  254.702 292.824 75
1042. Point  254.702 292.824 80
1043. Point  254.702 292.824 85
1044. Point  254.702 292.824 90
1045. Point  254.702 292.824 95
1046. Point  252.461 297.294 5
1047. Point  252.461 297.294 10
1048. Point  252.461 297.294 15
1049. Point  252.461 297.294 20
1050. Point  252.461 297.294 25
1051. Point  252.461 297.294 30
1052. Point  252.461 297.294 35
1053. Point  252.461 297.294 40
1054. Point  252.461 297.294 45
1055. Point  252.461 297.294 50
1056. Point  252.461 297.294 55
1057. Point  252.461 297.294 60
1058. Point  252.461 297.294 65
1059. Point  252.461 297.294 70
1060. Point  252.461 297.294 75
1061. Point  252.461 297.294 80
1062. Point  252.461 297.294 85
1063. Point  252.461 297.294 90
1064. Point  252.461 297.294 95
1065. Point  250.221 301.764 5
1066. Point  250.221 301.764 10
1067. Point  250.221 301.764 15
1068. Point  250.221 301.764 20
1069. Point  250.221 301.764 25
1070. Point  250.221 301.764 30
1071. Point  250.221 301.764 35
1072. Point  250.221 301.764 40
1073. Point  250.221 301.764 45
1074. Point  250.221 301.764 50
1075. Point  250.221 301.764 55
1076. Point  250.221 301.764 60
1077. Point  250.221 301.764 65
1078. Point  250.221 301.764 70
1079. Point  250.221 301.764 75
1080. Point  250.221 301.764 80
1081. Point  250.221 301.764 85
1082. Point  250.221 301.764 90
1083. Point  250.221 301.764 95
1084. Point  247.98 306.234 5
1085. Point  247.98 306.234 10
1086. Point  247.98 306.234 15
1087. Point  247.98 306.234 20
1088. Point  247.98 306.234 25
1089. Point  247.98 306.234 30
1090. Point  247.98 306.234 35
1091. Point  247.98 306.234 40
1092. Point  247.98 306.234 45
1093. Point  247.98 306.234 50
1094. Point  247.98 306.234 55
1095. Point  247.98 306.234 60
1096. Point  247.98 306.234 65
1097. Point  247.98 306.234 70
1098. Point  247.98 306.234 75
1099. Point  247.98 306.234 80
1100. Point  247.98 306.234 85
1101. Point  247.98 306.234 90
1102. Point  247.98 306.234 95
1103. Point  245.74 310.704 5
1104. Point  245.74 310.704 10
1105. Point  245.74 310.704 15
1106. Point  245.74 310.704 20
1107. Point  245.74 310.704 25
1108. Point  245.74 310.704 30
1109. Point  245.74 310.704 35
1110. Point  245.74 310.704 40
1111. Point  245.74 310.704 45
1112. Point  245.74 310.704 50
1113. Point  245.74 310.704 55
1114. Point  245.74 310.704 60
1115. Point  245.74 310.704 65
1116. Point  245.74 310.704 70
1117. Point  245.74 310.704 75
1118. Point  245.74 310.704 80
1119. Point  245.74 310.704 85
1120. Point  245.74 310.704 90
1121. Point  245.74 310.704 95
1122. Point  243.5 315.174 5
1123. Point  243.5 315.174 10
1124. Point  243.5 315.174 15
1125. Point  243.5 315.174 20
1126. Point  243.5 315.174 25
1127. Point  243.5 315.174 30
1128. Point  243.5 315.174 35
1129. Point  243.5 315.174 40
1130. Point  243.5 315.174 45
1131. Point  243.5 315.174 50
1132. Point  243.5 315.174 55
1133. Point  243.5 315.174 60
1134. Point  243.5 315.174 65
1135. Point  243.5 315.174 70
1136. Point  243.5 315.174 75
1137. Point  243.5 315.174 80
1138. Point  243.5 315.174 85
1139. Point  243.5 315.174 90
1140. Point  243.5 315.174 95
1141. Point  241.259 319.644 5
1142. Point  241.259 319.644 10
1143. Point  241.259 319.644 15
1144. Point  241.259 319.644 20
1145. Point  241.259 319.644 25
1146. Point  241.259 319.644 30
1147. Point  241.259 319.644 35
1148. Point  241.259 319.644 40
1149. Point  241.259 319.644 45
1150. Point  241.259 319.644 50
1151. Point  241.259 319.644 55
1152. Point  241.259 319.644 60
1153. Point  241.259 319.644 65
1154. Point  241.259 319.644 70
1155. Point  241.259 319.644 75
1156. Point  241.259 319.644 80
1157. Point  241.259 319.644 85
1158. Point  241.259 319.644 90
1159. Point  241.259 319.644 95
1160. Point  239.019 324.114 5
1161. Point  239.019 324.114 10
1162. Point  239.019 324.114 15
1163. Point  239.019 324.114 20
1164. Point  239.019 324.114 25
1165. Point  239.019 324.114 30
1166. Point  239.019 324.114 35
1167. Point  239.019 324.114 40
1168. Point  239.019 324.114 45
1169. Point  239.019 324.114 50
1170. Point  239.019 324.114 55
1171. Point  239.019 324.114 60
1172. Point  239.019 324.114 65
1173. Point  239.019 324.114 70
1174. Point  239.019 324.114 75
1175. Point  239.019 324.114 80
1176. Point  239.019 324.114 85
1177. Point  239.019 324.114 90
1178. Point  239.019 324.114 95
1179. Point  236.779 328.584 5
1180. Point  236.779 328.584 10
1181. Point  236.779 328.584 15
1182. Point  236.779 328.584 20
1183. Point  236.779 328.584 25
1184. Point  236.779 328.584 30
1185. Point  236.779 328.584 35
1186. Point  236.779 328.584 40
1187. Point  236.779 328.584 45
1188. Point  236.779 328.584 50
1189. Point  236.779 328.584 55
1190. Point  236.779 328.584 60
1191. Point  236.779 328.584 65
1192. Point  236.779 328.584 70
1193. Point  236.779 328.584 75
1194. Point  236.779 328.584 80
1195. Point  236.779 328.584 85
1196. Point  236.779 328.584 90
1197. Point  236.779 328.584 95
1198. Point  281.586 239.185 5
1199. Point  281.586 239.185 10
1200. Point  281.586 239.185 15
1201. Point  281.586 239.185 20
1202. Point  281.586 239.185 25
1203. Point  281.586 239.185 30
1204. Point  281.586 239.185 35
1205. Point  281.586 239.185 40
1206. Point  281.586 239.185 45
1207. Point  281.586 239.185 50
1208. Point  281.586 239.185 55
1209. Point  281.586 239.185 60
1210. Point  281.586 239.185 65
1211. Point  281.586 239.185 70
1212. Point  281.586 239.185 75
1213. Point  281.586 239.185 80
1214. Point  281.586 239.185 85
1215. Point  281.586 239.185 90
1216. Point  281.586 239.185 95
1217. Point  277.116 236.944 5
1218. Point  277.116 236.944 10
1219. Point  277.116 236.944 15
1220. Point  277.116 236.944 20
1221. Point  277.116 236.944 25
1222. Point  277.116 236.944 30
1223. Point  277.116 236.944 35
1224. Point  277.116 236.944 40
1225. Point  277.116 236.944 45
1226. Point  277.116 236.944 50
1227. Point  277.116 236.944 55
1228. Point  277.116 236.944 60
1229. Point  277.116 236.944 65
1230. Point  277.116 236.944 70
1231. Point  277.116 236.944 75
1232. Point  277.116 236.944 80
1233. Point  277.116 236.944 85
1234. Point  277.116 236.944 90
1235. Point  277.116 236.944 95
1236. Point  272.646 234.704 5
1237. Point  272.646 234.704 10
1238. Point  272.646 234.704 15
1239. Point  272.646 234.704 20
1240. Point  272.646 234.704 25
1241. Point  272.646 234.704 30
1242. Point  272.646 234.704 35
1243. Point  272.646 234.704 40
1244. Point  272.646 234.704 45
1245. Point  272.646 234.704 50
1246. Point  272.646 234.704 55
1247. Point  272.646 234.704 60
1248. Point  272.646 234.704 65
1249. Point  272.646 234.704 70
1250. Point  272.646 234.704 75
1251. Point  272.646 234.704 80
1252. Point  272.646 234.704 85
1253. Point  272.646 234.704 90
1254. Point  272.646 234.704 95
1255. Point  268.176 232.464 5
1256. Point  268.176 232.464 10
1257. Point  268.176 232.464 15
1258. Point  268.176 232.464 20
1259. Point  268.176 232.464 25
1260. Point  268.176 232.464 30
1261. Point  268.176 232.464 35
1262. Point  268.176 232.464 40
1263. Point  268.176 232.464 45
1264. Point  268.176 232.464 50
1265. Point  268.176 232.464 55
1266. Point  268.176 232.464 60
1267. Point  268.176 232.464 65
1268. Point  268.176 232.464 70
1269. Point  268.176 232.464 75
1270. Point  268.176 232.464 80
1271. Point  268.176 232.464 85
1272. Point  268.176 232.464 90
1273. Point  268.176 232.464 95
1274. Point  263.706 230.223 5
1275. Point  263.706 230.223 10
1276. Point  263.706 230.223 15
1277. Point  263.706 230.223 20
1278. Point  263.706 230.223 25
1279. Point  263.706 230.223 30
1280. Point  263.706 230.223 35
1281. Point  263.706 230.223 40
1282. Point  263.706 230.223 45
1283. Point  263.706 230.223 50
1284. Point  263.706 230.223 55
1285. Point  263.706 230.223 60
1286. Point  263.706 230.223 65
1287. Point  263.706 230.223 70
1288. Point  263.706 230.223 75
1289. Point  263.706 230.223 80
1290. Point  263.706 230.223 85
1291. Point  263.706 230.223 90
1292. Point  263.706 230.223 95
1293. Point  259.236 227.983 5
1294. Point  259.236 227.983 10
1295. Point  259.236 227.983 15
1296. Point  259.236 227.983 20
1297. Point  259.236 227.983 25
1298. Point  259.236 227.983 30
1299. Point  259.236 227.983 35
1300. Point  259.236 227.983 40
1301. Point  259.236 227.983 45
1302. Point  259.236 227.983 50
1303. Point  259.236 227.983 55
1304. Point  259.236 227.983 60
1305. Point  259.236 227.983 65
1306. Point  259.236 227.983 70
1307. Point  259.236 227.983 75
1308. Point  259.236 227.983 80
1309. Point  259.236 227.983 85
1310. Point  259.236 227.983 90
1311. Point  259.236 227.983 95
1312. Point  254.766 225.742 5
1313. Point  254.766 225.742 10
1314. Point  254.766 225.742 15
1315. Point  254.766 225.742 20
1316. Point  254.766 225.742 25
1317. Point  254.766 225.742 30
1318. Point  254.766 225.742 35
1319. Point  254.766 225.742 40
1320. Point  254.766 225.742 45
1321. Point  254.766 225.742 50
1322. Point  254.766 225.742 55
1323. Point  254.766 225.742 60
1324. Point  254.766 225.742 65
1325. Point  254.766 225.742 70
1326. Point  254.766 225.742 75
1327. Point  254.766 225.742 80
1328. Point  254.766 225.742 85
1329. Point  254.766 225.742 90
1330. Point  254.766 225.742 95
1331. Point  250.296 223.502 5
1332. Point  250.296 223.502 10
1333. Point  250.296 223.502 15
1334. Point  250.296 223.502 20
1335. Point  250.296 223.502 25
1336. Point  250.296 223.502 30
1337. Point  250.296 223.502 35
1338. Point  250.296 223.502 40
1339. Point  250.296 223.502 45
1340. Point  250.296 223.502 50
1341. Point  250.296 223.502 55
1342. Point  250.296 223.502 60
1343. Point  250.296 223.502 65
1344. Point  250.296 223.502 70
1345. Point  250.296 223.502 75
1346. Point  250.296 223.502 80
1347. Point  250.296 223.502 85
1348. Point  250.296 223.502 90
1349. Point  250.296 223.502 95
1350. Point  245.826 221.262 5
1351. Point  245.826 221.262 10
1352. Point  245.826 221.262 15
1353. Point  245.826 221.262 20
1354. Point  245.826 221.262 25
1355. Point  245.826 221.262 30
1356. Point  245.826 221.262 35
1357. Point  245.826 221.262 40
1358. Point  245.826 221.262 45
1359. Point  245.826 221.262 50
1360. Point  245.826 221.262 55
1361. Point  245.826 221.262 60
1362. Point  245.826 221.262 65
1363. Point  245.826 221.262 70
1364. Point  245.826 221.262 75
1365. Point  245.826 221.262 80
1366. Point  245.826 221.262 85
1367. Point  245.826 221.262 90
1368. Point  245.826 221.262 95
1369. Point  241.356 219.021 5
1370. Point  241.356 219.021 10
1371. Point  241.356 219.021 15
1372. Point  241.356 219.021 20
1373. Point  241.356 219.021 25
1374. Point  241.356 219.021 30
1375. Point  241.356 219.021 35
1376. Point  241.356 219.021 40
1377. Point  241.356 219.021 45
1378. Point  241.356 219.021 50
1379. Point  241.356 219.021 55
1380. Point  241.356 219.021 60
1381. Point  241.356 219.021 65
1382. Point  241.356 219.021 70
1383. Point  241.356 219.021 75
1384. Point  241.356 219.021 80
1385. Point  241.356 219.021 85
1386. Point  241.356 219.021 90
1387. Point  241.356 219.021 95
1388. Point  236.886 216.781 5
1389. Point  236.886 216.781 10
1390. Point  236.886 216.781 15
1391. Point  236.886 216.781 20
1392. Point  236.886 216.781 25
1393. Point  236.886 216.781 30
1394. Point  236.886 216.781 35
1395. Point  236.886 216.781 40
1396. Point  236.886 216.781 45
1397. Point  236.886 216.781 50
1398. Point  236.886 216.781 55
1399. Point  236.886 216.781 60
1400. Point  236.886 216.781 65
1401. Point  236.886 216.781 70
1402. Point  236.886 216.781 75
1403. Point  236.886 216.781 80
1404. Point  236.886 216.781 85
1405. Point  236.886 216.781 90
1406. Point  236.886 216.781 95
1407. Point  232.416 214.541 5
1408. Point  232.416 214.541 10
1409. Point  232.416 214.541 15
1410. Point  232.416 214.541 20
1411. Point  232.416 214.541 25
1412. Point  232.416 214.541 30
1413. Point  232.416 214.541 35
1414. Point  232.416 214.541 40
1415. Point  232.416 214.541 45
1416. Point  232.416 214.541 50
1417. Point  232.416 214.541 55
1418. Point  232.416 214.541 60
1419. Point  232.416 214.541 65
1420. Point  232.416 214.541 70
1421. Point  232.416 214.541 75
1422. Point  232.416 214.541 80
1423. Point  232.416 214.541 85
1424. Point  232.416 214.541 90
1425. Point  232.416 214.541 95
1426. Point  227.946 212.3 5
1427. Point  227.946 212.3 10
1428. Point  227.946 212.3 15
1429. Point  227.946 212.3 20
1430. Point  227.946 212.3 25
1431. Point  227.946 212.3 30
1432. Point  227.946 212.3 35
1433. Point  227.946 212.3 40
1434. Point  227.946 212.3 45
1435. Point  227.946 212.3 50
1436. Point  227.946 212.3 55
1437. Point  227.946 212.3 60
1438. Point  227.946 212.3 65
1439. Point  227.946 212.3 70
1440. Point  227.946 212.3 75
1441. Point  227.946 212.3 80
1442. Point  227.946 212.3 85
1443. Point  227.946 212.3 90
1444. Point  227.946 212.3 95
1445. Point  223.476 210.06 5
1446. Point  223.476 210.06 10
1447. Point  223.476 210.06 15
1448. Point  223.476 210.06 20
1449. Point  223.476 210.06 25
1450. Point  223.476 210.06 30
1451. Point  223.476 210.06 35
1452. Point  223.476 210.06 40
1453. Point  223.476 210.06 45
1454. Point  223.476 210.06 50
1455. Point  223.476 210.06 55
1456. Point  223.476 210.06 60
1457. Point  223.476 210.06 65
1458. Point  223.476 210.06 70
1459. Point  223.476 210.06 75
1460. Point  223.476 210.06 80
1461. Point  223.476 210.06 85
1462. Point  223.476 210.06 90
1463. Point  223.476 210.06 95
1464. Point  219.006 207.819 5
1465. Point  219.006 207.819 10
1466. Point  219.006 207.819 15
1467. Point  219.006 207.819 20
1468. Point  219.006 207.819 25
1469. Point  219.006 207.819 30
1470. Point  219.006 207.819 35
1471. Point  219.006 207.819 40
1472. Point  219.006 207.819 45
1473. Point  219.006 207.819 50
1474. Point  219.006 207.819 55
1475. Point  219.006 207.819 60
1476. Point  219.006 207.819 65
1477. Point  219.006 207.819 70
1478. Point  219.006 207.819 75
1479. Point  219.006 207.819 80
1480. Point  219.006 207.819 85
1481. Point  219.006 207.819 90
1482. Point  219.006 207.819 95
1483. Point  214.536 205.579 5
1484. Point  214.536 205.579 10
1485. Point  214.536 205.579 15
1486. Point  214.536 205.579 20
1487. Point  214.536 205.579 25
1488. Point  214.536 205.579 30
1489. Point  214.536 205.579 35
1490. Point  214.536 205.579 40
1491. Point  214.536 205.579 45
1492. Point  214.536 205.579 50
1493. Point  214.536 205.579 55
1494. Point  214.536 205.579 60
1495. Point  214.536 205.579 65
1496. Point  214.536 205.579 70
1497. Point  214.536 205.579 75
1498. Point  214.536 205.579 80
1499. Point  214.536 205.579 85
1500. Point  214.536 205.579 90
1501. Point  214.536 205.579 95
1502. Point  210.066 203.339 5
1503. Point  210.066 203.339 10
1504. Point  210.066 203.339 15
1505. Point  210.066 203.339 20
1506. Point  210.066 203.339 25
1507. Point  210.066 203.339 30
1508. Point  210.066 203.339 35
1509. Point  210.066 203.339 40
1510. Point  210.066 203.339 45
1511. Point  210.066 203.339 50
1512. Point  210.066 203.339 55
1513. Point  210.066 203.339 60
1514. Point  210.066 203.339 65
1515. Point  210.066 203.339 70
1516. Point  210.066 203.339 75
1517. Point  210.066 203.339 80
1518. Point  210.066 203.339 85
1519. Point  210.066 203.339 90
1520. Point  210.066 203.339 95
1521. Point  205.596 201.098 5
1522. Point  205.596 201.098 10
1523. Point  205.596 201.098 15
1524. Point  205.596 201.098 20
1525. Point  205.596 201.098 25
1526. Point  205.596 201.098 30
1527. Point  205.596 201.098 35
1528. Point  205.596 201.098 40
1529. Point  205.596 201.098 45
1530. Point  205.596 201.098 50
1531. Point  205.596 201.098 55
1532. Point  205.596 201.098 60
1533. Point  205.596 201.098 65
1534. Point  205.596 201.098 70
1535. Point  205.596 201.098 75
1536. Point  205.596 201.098 80
1537. Point  205.596 201.098 85
1538. Point  205.596 201.098 90
1539. Point  205.596 201.098 95
1540. Point  201.126 198.858 5
1541. Point  201.126 198.858 10
1542. Point  201.126 198.858 15
1543. Point  201.126 198.858 20
1544. Point  201.126 198.858 25
1545. Point  201.126 198.858 30
1546. Point  201.126 198.858 35
1547. Point  201.126 198.858 40
1548. Point  201.126 198.858 45
1549. Point  201.126 198.858 50
1550. Point  201.126 198.858 55
1551. Point  201.126 198.858 60
1552. Point  201.126 198.858 65
1553. Point  201.126 198.858 70
1554. Point  201.126 198.858 75
1555. Point  201.126 198.858 80
1556. Point  201.126 198.858 85
1557. Point  201.126 198.858 90
1558. Point  201.126 198.858 95
1559. Point  196.656 196.618 5
1560. Point  196.656 196.618 10
1561. Point  196.656 196.618 15
1562. Point  196.656 196.618 20
1563. Point  196.656 196.618 25
1564. Point  196.656 196.618 30
1565. Point  196.656 196.618 35
1566. Point  196.656 196.618 40
1567. Point  196.656 196.618 45
1568. Point  196.656 196.618 50
1569. Point  196.656 196.618 55
1570. Point  196.656 196.618 60
1571. Point  196.656 196.618 65
1572. Point  196.656 196.618 70
1573. Point  196.656 196.618 75
1574. Point  196.656 196.618 80
1575. Point  196.656 196.618 85
1576. Point  196.656 196.618 90
1577. Point  196.656 196.618 95
1578. Point  192.186 194.377 5
1579. Point  192.186 194.377 10
1580. Point  192.186 194.377 15
1581. Point  192.186 194.377 20
1582. Point  192.186 194.377 25
1583. Point  192.186 194.377 30
1584. Point  192.186 194.377 35
1585. Point  192.186 194.377 40
1586. Point  192.186 194.377 45
1587. Point  192.186 194.377 50
1588. Point  192.186 194.377 55
1589. Point  192.186 194.377 60
1590. Point  192.186 194.377 65
1591. Point  192.186 194.377 70
1592. Point  192.186 194.377 75
1593. Point  192.186 194.377 80
1594. Point  192.186 194.377 85
1595. Point  192.186 194.377 90
1596. Point  192.186 194.377 95
